x,y
-6078,36911696
-1508,2266526
-1511,2275568
7688,59143786
-489,236678
-873,757766
-7064,49864778
920,851002
3557,12670036
4578,20980976
7786,60660728
5761,33217928
-8635,74520052
7040,49596802
4121,17003248
7804,60941438
-1883,3536276
-5774,33310208
1741,3039788
4160,17326402
2441,5970688
5733,32895956
648,423146
-92,8006
-9090,82582652
-7019,49231268
-1499,2239508
-1248,1551266
-3853,14826346
-3738,13953956
7941,63099188
8644,74761958
6409,41107328
-7533,56708426
5352,28670666
-2790,7770152
-9312,86666786
-1402,1958596
9194,84575608
7706,59420968
928,865826
-8131,66072508
6006,36102068
-181,31858
9280,86164802
6626,43937008
8718,76047116
1149,1325948
-5764,33194878
-4789,22910578
-4279,18288448
-9199,84575608
-5401,29143798
4940,24428302
-6552,42895946
5570,31052752
-7270,52816552
9514,90563768
-2209,4868638
-3953,15606446
-5985,35790302
-7493,56107586
3604,13006838
947,901546
7065,49949552
8107,65763986
2724,7433798
1856,3454018
4070,16585252
4407,19443686
-13,106
7161,51315728
-4827,23275796
4829,23343388
8611,74192378
-9891,97782428
-928,856546
-5797,33576226
7607,57904486
7927,62876966
6646,44202548
-4723,22283116
9086,82600828
3371,11380498
4135,17118902
8591,73848238
5084,25872478
6221,38731948
5521,30509048
2331,5445218
-9228,85109846
-4357,18961666
9661,93383228
5554,30874688
913,838136
-5927,35099696
-9602,92150396
-957,911066
6313,39885536
-8830,77924752
1713,2942936
-656,427058
1973,3902596
5933,35230156
9926,98575108
9944,98932858
9035,81676402
-735,536552
-7621,58041538
-5771,33275588
-7569,57251918
-1086,1173968
-2394,5719268
-4344,18848618
-1101,1206698
-3203,10243196
5115,26188802
-592,347506
-8232,67724666
2810,7910152
-3163,9988756
-4571,20871188
440,195802
5365,28810052
-3040,9226402
-9502,90240496
-9934,98634688
2064,4270418
9527,90811366
-747,554276
-6042,36475556
2355,5557802
6306,39797168
-723,519116
5209,27159728
6276,39419558
7679,59005438
742,554276
2956,8752718
421,179348
-2727,7422896
9438,89123036
8156,66561118
-2481,6142958
1412,2000806
-5482,30024916
-6266,39231428
2818,7955216
-5256,27599258
8438,71242036
9247,85553246
3591,12913238
-7477,55868146
-5565,30941402
7280,53034802
-4101,16797698
9460,89538902
-2897,8378126
7999,64023998
-3742,13983856
-3991,15908128
6048,36608546
4439,19726918
-1108,1222126
-1533,2342426
1558,2435156
-4599,21127808
7401,54811808
-503,250496
3542,12563476
-7143,50986736
9646,93093548
-7956,63258158
940,888302
9822,96520796
-21,338
-1364,1853678
9632,92823586
-155,23252
9363,87712586
880,778802
-777,599846
-4627,21385996
8639,74675518
309,97028
-3087,9514136
-4729,22339798
7948,63210446
1188,1417286
-4701,22075898
-6997,48923026
605,369052
-9123,83183516
6205,38533052
-8736,76274018
7684,59082278
-8045,64681802
-1920,3676802
-6957,48365066
-3738,13953956
-3496,12204538
-4439,19682528
7376,54442258
-9917,98297306
2469,6108308
5761,33217928
1948,3804446
3675,13524002
-7516,56452678
3253,10598276
4644,21589958
-1849,3409558
9291,86369138
-2015,4050152
-1302,1688696
-725,522002
-6460,41699302
-4872,23712026
9202,84722816
-4990,24875152
-2452,6000046
-3874,14988508
7420,55093502
-2147,4598876
1200,1446002
4876,23799758
-6673,44495566
-867,747356
-6440,41441402
-1880,3525002
1159,1349078
3154,9963488
4989,24915068
7993,63928016
-7862,61771736
-8104,65634298
-7417,54974806
2111,4466878
-7262,52700336
-6931,48004108
9693,94002716
-2130,4526252
1120,1260002
-7768,60302986
-1657,2737366
8601,74020208
-450,200252
7235,52381402
-484,231838
-9796,95912638
8172,66822446
300,91502
1072,1154546
-6218,38632436
5758,33183356
5053,25558076
2689,7244168
9867,97407026
-3242,10494356
9550,91250252
-6717,45084506
8586,73762328
5667,32143226
9401,88425808
9117,83165276
-6523,42516916
-2533,6403426
150,23252
4735,22443902
-9139,83475628
-1061,1120418
7047,49695446
5159,26641078
6463,41802686
-2750,7548752
749,564748
3948,15606446
8594,73899808
-711,501968
-3409,11604238
8722,76116896
678,463076
-6766,45744928
3531,12485618
5987,35874106
7958,63369556
2375,5652502
-2049,4188158
2199,4846598
