y,x
570776,753
851002,-925
31208978,5584
54235856,-7367
39143788,-6259
58209266,-7632
18658076,4317
7526788,2741
5912188,2429
13723316,3702
1332866,1152
5278502,2295
19417238,4404
95462666,9768
8368,-94
47300002,-6880
26404178,-5141
29915426,-5472
8148166,-2857
14231752,3770
68268902,-8265
18658076,4317
29154596,-5402
29479466,-5432
63051536,-7943
44335618,6656
40761836,6382
11205752,-3350
10494356,3237
1141688,1066
89841958,-9481
926,-33
17863298,-4229
13260518,-3644
132856,362
59205326,-7697
42360568,6506
23907206,4887
50062696,-7078
1586336,-1262
1804988,-1346
97071752,-9855
15104878,3884
17795738,-4221
73522046,-8577
86704028,9309
21888358,-4681
19355596,-4402
1307588,1141
71698552,8465
478168,-694
8996996,-3002
14390638,3791
27024398,-5201
74589128,-8639
5347652,2310
39532652,6285
965302,-985
28595752,5345
63912026,7992
99790106,-9992
11421016,-3382
6128096,-2478
10236796,-3202
5743208,2394
60582868,-7786
43804538,6616
13782652,3710
96894488,9841
59899856,-7742
4291108,-2074
38149148,-6179
10591766,3252
1219916,-1107
1441196,-1203
3773302,-1945
29620802,5440
1211096,-1103
78101402,-8840
1195738,-1096
78934336,-8887
5752798,-2401
79076552,8890
7960858,2819
8057078,2836
64488926,-8033
5917052,2430
1670552,1290
36936002,6075
1262248,-1126
6123146,2472
62496926,7903
20048002,4475
1881008,-1374
35372752,5945
6566402,2560
778802,880
7412002,2720
45717878,-6764
27693902,5260
73316402,8560
46464668,-6819
77572052,8805
3699848,-1926
36972476,6078
17393066,4168
2109752,1450
68434252,8270
95775578,-9789
2165308,-1474
3152396,-1778
16814096,-4103
3120518,1764
55167752,-7430
9311648,3049
18151856,-4263
339302,580
39771938,6304
25527752,5050
32347652,-5690
9069128,3009
20643388,4541
14695718,-3836
92862128,-9639
133586,363
51890408,-7206
44202548,-6651
48406802,6955
91154752,9545
419252,-650
18015776,4242
29490326,-5433
2536052,-1595
10121938,3179
57448816,-7582
86815802,9315
5576678,-2364
8658302,2940
22987226,-4797
183608,-431
55034138,-7421
81423548,-9026
25155236,5013
4366006,2087
59776,242
24975002,4995
6628046,-2577
45313088,-6734
2075036,-1443
16650476,-4083
1978238,1404
34874926,5903
43092656,6562
73179466,8552
9099268,3014
76448,-279
325466,568
24925052,-4995
54412748,-7379
79397006,8908
24805376,-4983
24775502,-4980
74623678,-8641
52932896,7273
7179716,-2682
4122926,2028
14634446,-3828
20743466,4552
34780502,5895
17003248,4121
62402096,-7902
25709966,-5073
45677318,-6761
1637116,-1282
21349016,-4623
99211556,-9963
134318,-369
22795846,4772
47080178,-6864
57630868,-7594
718252,845
59776,-247
88087606,9383
1407778,-1189
6846068,-2619
26837576,-5183
637598,796
77977726,-8833
64553186,8032
89766146,9472
54457016,-7382
25903006,5087
114578,336
13538716,-3682
73727978,-8589
10128302,3180
9712568,-3119
4258028,-2066
34627336,-5887
81261206,9012
19842566,-4457
18839936,4338
3302,55
52265666,7227
34158176,-5847
37448276,6117
90678002,-9525
64248236,-8018
74675518,-8644
75907652,-8715
5557802,2355
23605018,-4861
15159338,3891
58407802,7640
42373586,6507
22958468,4789
31264868,5589
67642396,8222
248498,496
80631416,8977
24250696,-4927
21284378,4611
63768206,7983
3252608,1801
28595752,-5350
1023128,-1014
61504802,7840
73693636,8582
47658308,-6906
41725136,6457
20798156,-4563
181046,423
31871666,-5648
26651402,-5165
10755116,3277
69031168,8306
2003636,1413
71140786,-8437
38186216,6177
2523328,-1591
3216638,1791
13209586,3632
16904428,-4114
7915778,2811
12309568,-3511
4641866,-2157
27862558,-5281
4509248,-2126
9538828,-3091
30354586,-5512
17905588,4229
11624686,3407
1289356,1133
12372802,3515
83695048,9146
52439318,7239
24457966,-4948
49864778,7059
44149376,-6647
15940052,3990
57950152,7610
54767396,-7403
22453378,-4741
