x,y
-9614,92380928
1183,1405406
-2692,7233406
7999,64023998
1964,3867118
-3352,11219146
6007,36114086
-1025,1045502
6635,44056402
2443,5980466
4874,23780248
4972,24745646
-9631,92708008
-6911,47727368
2755,7603802
-1420,2009302
5356,28713518
6756,45677318
-7581,57433658
-1462,2130136
154,24488
-9190,84410152
2862,8205356
-5949,35360858
-4392,19267706
7693,59220716
-9959,99131888
1486,2215628
-5437,29533786
7949,63226348
-4677,21850946
3694,13664108
-6018,36186236
-4887,23858336
-8109,65715338
6904,47699738
5919,35064158
-2544,6459218
-8758,76658776
69,5108
-3067,9391156
-2673,7131566
2796,7831598
-657,428366
-6843,46792436
-4909,24073738
8703,75785726
-8799,77378408
7820,61191502
-9958,99111976
5719,32735558
-7924,62750158
-3930,15425252
9849,97052048
1017,1039376
-570,322052
-2264,5114378
9435,89066402
40,1802
33,1256
-2269,5137018
4591,21100238
9397,88350596
-4145,17160302
4153,17268176
6244,39018758
-3787,14322436
-8254,68087248
173,30796
-5409,29230238
2437,5951156
-4647,21571376
-3556,12627358
4536,20597978
-9805,96089002
3743,14028766
-9490,90012652
1099,1213298
-6303,39696296
9995,99950002
-2029,4106698
-844,708118
3218,10371616
569,326608
-533,281426
-3421,11686138
2239,5024318
-7026,49329548
-8433,71073326
675,459002
-9235,85239052
-8778,77009396
-5986,35802268
-8405,70602002
-3970,15741052
-548,297566
-5073,25709966
2317,5380076
5611,31511378
-748,555766
815,668302
8292,68798726
-8613,74140706
-7500,56212502
