x,y
6158,37951756
-5579,31097348
1721,2970448
6046,36584348
9028,81549926
-1268,1601486
9720,94527002
-8501,72224498
-6496,42165538
-9138,83457356
538,292136
8017,64312376
-7041,49540478
4223,17854846
121,15248
5917,35040476
-6669,44442218
-5908,34874926
3032,9208186
-9731,94643708
-2247,5037776
-7155,51158252
-3231,10423208
-749,557258
4231,17922518
-753,563246
-850,718252
6727,45286166
-4594,21081868
8170,66789752
-5983,35766376
4387,19267706
1442,2086576
-5373,28842266
-692,475406
6667,44482226
-1182,1391216
-6221,38669738
4906,24093368
6760,45731402
-7047,49624976
-7753,60070246
336,114578
9944,98932858
2469,6108308
-2753,7565246
-136,17818
9889,97841768
-7354,54044548
5166,26713388
1517,2308876
3085,9532652
2975,8865502
3894,15182708
-846,711488
6900,47644502
-5092,25903006
-8075,65165252
-1430,2037752
-3067,9391156
-26,548
1319,1746358
-7527,56618096
-1102,1208896
1179,1395938
1818,3314216
5634,31770128
1827,3347066
7634,58316128
5517,30464876
9881,97683568
-4976,24735698
5946,35384648
7555,57115802
-2132,4534766
3481,12134768
-5864,34357178
1593,2545616
-5168,26682386
-1928,3707546
701,494908
-3613,13035706
-7983,63688376
5346,28606448
9484,89993678
-2547,6474476
4793,22996816
-4800,23016002
8804,77554438
4971,24735698
-3351,11212448
6084,37045478
665,445552
-9380,87937502
-6201,38421398
-8168,66675386
-4303,18494296
-7250,52526252
1641,2701088
-1188,1405406
-2136,4551818
2389,5719268
6213,38632436
-9611,92323268
-261,66818
-7734,59776088
9695,94041502
8467,71732426
