y,x
93344578,-9664
73573502,8575
87431846,-9353
41505802,-6445
13939018,-3736
58178752,7625
914888,954
13605028,-3691
82910126,9103
47685926,-6908
34709768,5889
2568002,-1605
90373538,-9509
29849828,-5466
31950752,-5655
47451428,-6891
14596216,-3823
27599258,-5256
52729378,7259
90240496,9497
60645152,7785
76974298,8771
647216,802
41557358,6444
8186,-93
4732796,2173
43566596,6598
5529548,-2354
77167436,8782
33275588,5766
3746156,1933
13014052,-3610
44202548,-6651
14043752,-3750
1831958,1351
94741018,-9736
330046,572
3387436,-1843
86239078,-9289
1642238,-1284
4534766,2127
1280288,1129
33298666,5768
107252,-330
14688052,-3835
16357976,4042
18109276,4253
2840906,1683
42035768,-6486
15221698,3899
4336802,-2085
21450788,4629
7271108,-2699
4926176,2217
47796478,-6916
509078,711
67988266,-8248
125666,352
12393916,3518
1850956,1358
18857302,4340
6612608,2569
14973026,-3872
3566428,-1891
3343408,1826
836306,912
12748466,-3573
2552002,1595
43540198,6596
7966502,2820
212056,-463
85165208,-9231
35778338,5979
86685406,-9313
32484296,5697
50715758,7119
99231478,-9964
352238,-596
79379186,-8912
7406558,2719
632816,-798
7222652,2685
3350726,1828
23956126,-4897
44306,208
11495486,3388
71343358,-8449
9015002,-3005
89349752,-9455
69864518,-8361
52569746,-7253
2162366,-1473
24044308,-4906
13790078,3711
6935318,-2636
74692802,-8645
51298,224
38981288,6241
54353752,-7375
11809528,3434
489296,-702
92534776,-9622
76326428,-8739
92092808,9594
18606278,-4316
63465118,-7969
96461858,-9824
15472418,-3936
373928,609
63576698,7971
65423828,-8091
91441402,-9565
9385028,-3066
75246946,-8677
74175152,8610
47837968,6914
95169776,9753
5091788,-2259
40685258,6376
50958178,7136
8113948,-2851
63321802,-7960
67067906,8187
65326802,8080
32781346,5723
457648,674
22738588,4766
89652488,9466
2648752,-1630
1670552,1290
33959752,5825
18185956,-4267
2510636,-1587
1829252,1350
11025716,3318
26548252,-5155
11651978,3411
82020188,-9059
96658388,9829
95971408,-9799
19048856,-4367
31343198,5596
68136766,8252
19022678,4359
3332446,-1828
8949068,-2994
53706908,7326
59683346,7723
72360538,8504
75004256,8658
6316,-82
33437302,5780
20462048,4521
8658302,2940
43184608,-6574
55509946,7448
34006388,-5834
97980298,-9901
88275416,9393
44950316,-6707
46410152,6810
59807018,-7736
23343388,-4834
9021008,-3006
11421016,3377
91116566,9543
78455302,8855
51847196,-7203
3299668,-1819
38216,-198
2694518,1639
13894252,-3730
5805686,2407
3285152,1810
54708208,-7399
6357958,2519
32758448,-5726
7798052,2790
44950316,-6707
10064752,-3175
66936938,8179
16528286,-4068
2017816,1418
6212552,2490
39243956,-6267
42399628,6509
26117206,-5113
53311898,-7304
70518002,8395
182752,425
68599802,8280
28767128,5361
19267706,-4392
1197926,-1097
7932668,2814
54353752,7370
2236516,1493
16512028,4061
15717256,-3967
1072256,-1038
95482208,-9774
26806502,-5180
1131028,-1066
38993776,6242
4010002,2000
31108502,5575
14718728,3834
44883296,-6702
5421908,2326
2513806,1583
2596928,-1614
37264916,-6107
15346802,-3920
28499578,-5341
1126778,1059
